4294967278,132
4294967278,131
4294967278,130
4294967278,129
4294967278,127
4294967278,126
4294967278,125
4294967278,124
4294967278,123
4294967278,122
4294967278,121
4294967278,120
4294967278,119
4294967278,118
4294967278,117
4294967278,116
4294967278,115
4294967278,114
4294967278,113
4294967278,112
4294967278,111
4294967278,110
4294967278,109
4294967278,108
4294967278,107
4294967278,105
4294967278,103
4294967278,102
4294967278,101
4294967278,100
4294967278,99
4294967278,98
4294967278,97
4294967278,96
4294967278,93
4294967278,91
4294967278,90
4294967278,89
4294967278,87
4294967278,86
4294967278,85
4294967278,84
4294967278,83
4294967278,82
4294967278,81
4294967278,80
4294967278,78
4294967278,77
4294967278,76
4294967278,75
4294967278,74
4294967278,73
4294967278,72
4294967278,70
4294967278,68
4294967278,67
4294967278,66
4294967278,65
4294967278,64
4294967278,63
4294967278,62
4294967278,61
4294967278,60
4294967278,59
4294967278,58
4294967278,57
4294967278,55
4294967278,54
4294967278,53
4294967278,50
4294967278,343
4294967278,47
4294967278,45
4294967278,44
4294967278,43
4294967278,42
4294967278,41
4294967278,39
4294967278,38
4294967278,37
4294967278,36
4294967278,337
4294967278,35
4294967278,34
4294967278,335
4294967278,33
4294967278,32
4294967278,31
4294967278,30
4294967278,260
4294967278,259
4294967279,533
4294967279,526
4294967279,517
4294967279,31
4294967279,29
4294967279,26
4294967279,25
4294967279,24
4294967279,23
4294967279,22
4294967279,21
4294967279,260
4294967279,17
4294967279,15
4294967279,14
4294967279,13
4294967279,12
4294967279,11
4294967279,274
4294967279,7
4294967279,6
4294967279,5
4294967279,4
4294967278,316
4294967279,185
4294967279,184
4294967279,520
4294967279,299
4294967278,52
4294967279,552
4294967278,163
4294967278,162
4294967278,161
4294967279,565
4294967279,160
4294967279,524
4294967278,46
4294967278,379
4294967278,155
111,6
111,5
111,4
4294967278,156
111,3
111,2
111,1
4294967279,155
4294967278,339
4294967278,40
4294967278,296
4294967279,290
4294967278,295
4294967278,338
4294967279,146
4294967279,30
4294967279,143
4294967279,142
4294967279,287
4294967278,142
4294967279,19
4294967279,28
4294967279,273
4294967278,303
4294967279,138
4294967294,392
4294967294,115
4294967279,136
4294967279,286
4294967279,135
4294967278,289
108,6
4294967279,271
108,5
108,4
4294967279,270
108,3
108,2
108,1
4294967279,267
4294967278,288
4294967279,18
4294967279,266
4294967278,273
4294967279,16
4294967279,278
4294967278,270
4294967279,265
4294967279,264
4294967279,262
4294967279,258
4294967279,275
4294967278,301
4294967279,257
4294967279,256
4294967279,255
4294967279,254
4294967279,253
4294967278,258
105,4
4294967279,558
105,3
105,2
105,1
4294967294,1175
4294967279,515
4294967278,257
0,7
4294967294,1095
4294967278,331
4294967279,514
4294967278,128
4294967278,330
4294967279,513
4294967279,252
4294967279,512
4294967278,328
4294967294,1000
4294967294,186
4294967294,1001
4294967294,1419
4294967294,399
4294967294,398
4294967294,183
4294967294,415
4294967294,167
4294967294,444
4294967294,461
4294967294,467
4294967294,0
4294967279,325
4294967279,319
4294967279,318
4294967278,327
4294967279,317
4294967278,326
4294967279,247
4294967278,253
104,6
104,5
4294967278,250
104,4
4294967279,248
104,3
104,2
104,1
4294967279,315
4294967279,324
4294967278,245
4294967279,244
4294967279,323
4294967278,243
4294967279,242
4294967278,240
4294967294,390
4294967294,114
4294967278,238
4294967278,239
4294967279,314
4294967278,234
4294967278,106
4294967294,107
4294967278,226
4294967278,224
4294967278,223
4294967279,221
4294967278,95
4294967294,2
4294967278,104
4294967278,219
4294967279,216
4294967279,312
4294967294,38
4294967294,37
4294967294,41
4294967278,324
4294967279,311
4294967279,322
4294967278,207
4294967279,210
101,6
4294967278,209
101,5
4294967279,209
101,4
4294967278,208
101,3
101,2
101,1
4294967294,40
4294967278,94
4294967278,322
4294967278,393
4294967279,310
4294967279,309
4294967278,392
4294967278,92
4294967279,204
4294967294,419
4294967294,36
4294967294,42
4294967294,39
4294967294,91
4294967294,90
4294967294,87
4294967294,86
4294967294,85
4294967294,1420
4294967294,84
4294967294,45
4294967294,427
4294967294,44
4294967294,1174
4294967294,1173
4294967294,29
4294967294,1017
4294967294,28
4294967279,200
4294967294,53
4294967279,196
4294967294,94
4294967294,96
4294967279,195
4294967294,9
4294967279,307
4294967294,8
4294967278,194
4294967278,193
4294967294,995
4294967294,170
4294967294,997
4294967294,1092
4294967294,401
4294967294,1094
4294967278,79
4294967278,191
98,5
4294967279,190
4294967279,189
98,4
98,3
98,2
98,1
4294967278,315
4294967279,188
4294967294,437
4294967279,316
4294967294,5
4294967294,50
4294967278,314
4294967278,184
4294967278,391
4294967278,71
4294967279,183
4294967278,69
4294967279,182
4294967279,181
4294967278,179
97,5
97,4
97,3
97,2
97,1
4294967278,175
4294967278,172
0,5
4294967294,1421
4294967278,390
4294967278,0
4294967278,366
95,6
4294967294,477
4294967279,167
4294967294,436
4294967278,56
4294967278,308
4294967279,553
95,5
4294967278,51
4294967279,166
95,4
4294967278,164
95,3
95,2
95,1
4294967278,307
4294967279,164
4294967278,48
4294967279,293
4294967278,49
4294967278,300
4294967279,161
94,5
4294967294,7
4294967294,6
94,4
4294967279,158
94,3
94,2
94,1
4294967279,321
4294967294,424
4294967294,52
4294967294,51
4294967294,1016
4294967294,27
4294967279,157
4294967294,395
4294967294,407
4294967294,406
4294967294,384
4294967294,168
4294967294,397
4294967294,386
4294967294,449
4294967294,180
4294967279,320
4294967279,151
